# time (s)	angle (radians)
0.0000	1.3482
0.0039	1.3420
0.0078	1.3420
0.0117	1.3420
0.0156	1.3358
0.0195	1.3358
0.0234	1.3296
0.0273	1.3296
0.0312	1.3234
0.0352	1.3172
0.0391	1.3172
0.0430	1.3111
0.0469	1.3049
0.0508	1.3049
0.0547	1.2987
0.0586	1.2925
0.0625	1.2863
0.0664	1.2801
0.0703	1.2740
0.0742	1.2740
0.0781	1.2678
0.0820	1.2616
0.0859	1.2554
0.0898	1.2430
0.0938	1.2368
0.0977	1.2307
0.1016	1.2245
0.1055	1.2183
0.1094	1.2121
0.1133	1.1997
0.1172	1.1936
0.1211	1.1874
0.1250	1.1750
0.1289	1.1688
0.1328	1.1565
0.1367	1.1503
0.1406	1.1379
0.1445	1.1317
0.1484	1.1193
0.1523	1.1132
0.1562	1.1008
0.1602	1.0884
0.1641	1.0761
0.1680	1.0699
0.1719	1.0575
0.1758	1.0451
0.1797	1.0328
0.1836	1.0204
0.1875	1.0080
0.1914	0.9957
0.1953	0.9833
0.1992	0.9709
0.2031	0.9586
0.2070	0.9462
0.2109	0.9338
0.2148	0.9215
0.2188	0.9029
0.2227	0.8905
0.2266	0.8782
0.2305	0.8658
0.2344	0.8472
0.2383	0.8349
0.2422	0.8163
0.2461	0.8040
0.2500	0.7854
0.2539	0.7730
0.2578	0.7545
0.2617	0.7421
0.2656	0.7236
0.2695	0.7050
0.2734	0.6926
0.2773	0.6741
0.2812	0.6555
0.2852	0.6370
0.2891	0.6184
0.2930	0.6061
0.2969	0.5875
0.3008	0.5689
0.3047	0.5504
0.3086	0.5318
0.3125	0.5133
0.3164	0.4947
0.3203	0.4700
0.3242	0.4514
0.3281	0.4329
0.3320	0.4143
0.3359	0.3958
0.3398	0.3711
0.3438	0.3525
0.3477	0.3339
0.3516	0.3092
0.3555	0.2907
0.3594	0.2721
0.3633	0.2474
0.3672	0.2288
0.3711	0.2041
0.3750	0.1855
0.3789	0.1608
0.3828	0.1422
0.3867	0.1175
0.3906	0.0928
0.3945	0.0742
0.3984	0.0495
0.4023	0.0247
0.4062	0.0062
0.4102	-0.0186
0.4141	-0.0433
0.4180	-0.0680
0.4219	-0.0866
0.4258	-0.1113
0.4297	-0.1361
0.4336	-0.1608
0.4375	-0.1855
0.4414	-0.2103
0.4453	-0.2350
0.4492	-0.2536
0.4531	-0.2783
0.4570	-0.3030
0.4609	-0.3278
0.4648	-0.3525
0.4688	-0.3772
0.4727	-0.4020
0.4766	-0.4267
0.4805	-0.4514
0.4844	-0.4762
0.4883	-0.5009
0.4922	-0.5257
0.4961	-0.5504
0.5000	-0.5751
0.5039	-0.5999
0.5078	-0.6246
0.5117	-0.6493
0.5156	-0.6741
0.5195	-0.6988
0.5234	-0.7236
0.5273	-0.7483
0.5312	-0.7730
0.5352	-0.7978
0.5391	-0.8163
0.5430	-0.8411
0.5469	-0.8658
0.5508	-0.8905
0.5547	-0.9153
0.5586	-0.9400
0.5625	-0.9647
0.5664	-0.9895
0.5703	-1.0142
0.5742	-1.0390
0.5781	-1.0575
0.5820	-1.0822
0.5859	-1.1070
0.5898	-1.1317
0.5938	-1.1565
0.5977	-1.1750
0.6016	-1.1997
0.6055	-1.2245
0.6094	-1.2430
0.6133	-1.2678
0.6172	-1.2863
0.6211	-1.3111
0.6250	-1.3358
0.6289	-1.3543
0.6328	-1.3791
0.6367	-1.3976
0.6406	-1.4162
0.6445	-1.4409
0.6484	-1.4595
0.6523	-1.4780
0.6562	-1.4966
0.6602	-1.5213
0.6641	-1.5399
0.6680	-1.5584
0.6719	-1.5770
0.6758	-1.5955
0.6797	-1.6141
0.6836	-1.6326
0.6875	-1.6512
0.6914	-1.6697
0.6953	-1.6821
0.6992	-1.7007
0.7031	-1.7192
0.7070	-1.7316
0.7109	-1.7501
0.7148	-1.7625
0.7188	-1.7811
0.7227	-1.7934
0.7266	-1.8120
0.7305	-1.8244
0.7344	-1.8367
0.7383	-1.8553
0.7422	-1.8676
0.7461	-1.8800
0.7500	-1.8924
0.7539	-1.9047
0.7578	-1.9171
0.7617	-1.9295
0.7656	-1.9357
0.7695	-1.9480
0.7734	-1.9604
0.7773	-1.9728
0.7812	-1.9790
0.7852	-1.9913
0.7891	-1.9975
0.7930	-2.0099
0.7969	-2.0161
0.8008	-2.0284
0.8047	-2.0346
0.8086	-2.0408
0.8125	-2.0470
0.8164	-2.0532
0.8203	-2.0594
0.8242	-2.0717
0.8281	-2.0717
0.8320	-2.0779
0.8359	-2.0841
0.8398	-2.0903
0.8438	-2.0965
0.8477	-2.0965
0.8516	-2.1026
0.8555	-2.1026
0.8594	-2.1088
0.8633	-2.1088
0.8672	-2.1150
0.8711	-2.1150
0.8750	-2.1150
0.8789	-2.1212
0.8828	-2.1212
0.8867	-2.1212
0.8906	-2.1212
0.8945	-2.1212
0.8984	-2.1212
0.9023	-2.1212
0.9062	-2.1212
0.9102	-2.1212
0.9141	-2.1212
0.9180	-2.1212
0.9219	-2.1150
0.9258	-2.1150
0.9297	-2.1150
0.9336	-2.1150
0.9375	-2.1088
0.9414	-2.1088
0.9453	-2.1026
0.9492	-2.1026
0.9531	-2.0965
0.9570	-2.0965
0.9609	-2.0903
0.9648	-2.0903
0.9688	-2.0841
0.9727	-2.0841
0.9766	-2.0779
0.9805	-2.0717
0.9844	-2.0717
0.9883	-2.0655
0.9922	-2.0594
0.9961	-2.0532
1.0000	-2.0470
1.0039	-2.0408
1.0078	-2.0346
1.0117	-2.0346
1.0156	-2.0284
1.0195	-2.0161
1.0234	-2.0099
1.0273	-2.0037
1.0312	-1.9975
1.0352	-1.9913
1.0391	-1.9851
1.0430	-1.9790
1.0469	-1.9666
1.0508	-1.9604
1.0547	-1.9542
1.0586	-1.9418
1.0625	-1.9357
1.0664	-1.9295
1.0703	-1.9171
1.0742	-1.9109
1.0781	-1.8986
1.0820	-1.8924
1.0859	-1.8800
1.0898	-1.8738
1.0938	-1.8615
1.0977	-1.8491
1.1016	-1.8429
1.1055	-1.8305
1.1094	-1.8182
1.1133	-1.8058
1.1172	-1.7934
1.1211	-1.7872
1.1250	-1.7749
1.1289	-1.7625
1.1328	-1.7501
1.1367	-1.7378
1.1406	-1.7254
1.1445	-1.7130
1.1484	-1.7007
1.1523	-1.6883
1.1562	-1.6759
1.1602	-1.6636
1.1641	-1.6512
1.1680	-1.6326
1.1719	-1.6203
1.1758	-1.6079
1.1797	-1.5955
1.1836	-1.5770
1.1875	-1.5646
1.1914	-1.5522
1.1953	-1.5337
1.1992	-1.5213
1.2031	-1.5090
1.2070	-1.4904
1.2109	-1.4780
1.2148	-1.4595
1.2188	-1.4471
1.2227	-1.4286
1.2266	-1.4162
1.2305	-1.3976
1.2344	-1.3853
1.2383	-1.3667
1.2422	-1.3543
1.2461	-1.3358
1.2500	-1.3172
1.2539	-1.3049
1.2578	-1.2863
1.2617	-1.2678
1.2656	-1.2554
1.2695	-1.2368
1.2734	-1.2183
1.2773	-1.1997
1.2812	-1.1874
1.2852	-1.1688
1.2891	-1.1503
1.2930	-1.1317
1.2969	-1.1193
1.3008	-1.1008
1.3047	-1.0822
1.3086	-1.0637
1.3125	-1.0451
1.3164	-1.0266
1.3203	-1.0142
1.3242	-0.9957
1.3281	-0.9771
1.3320	-0.9586
1.3359	-0.9400
1.3398	-0.9215
1.3438	-0.9029
1.3477	-0.8905
1.3516	-0.8720
1.3555	-0.8534
1.3594	-0.8349
1.3633	-0.8163
1.3672	-0.7978
1.3711	-0.7792
1.3750	-0.7607
1.3789	-0.7483
1.3828	-0.7297
1.3867	-0.7112
1.3906	-0.6926
1.3945	-0.6741
1.3984	-0.6555
1.4023	-0.6432
1.4062	-0.6246
1.4102	-0.6061
1.4141	-0.5875
1.4180	-0.5751
1.4219	-0.5566
1.4258	-0.5380
1.4297	-0.5257
1.4336	-0.5071
1.4375	-0.4886
1.4414	-0.4762
1.4453	-0.4576
1.4492	-0.4453
1.4531	-0.4267
1.4570	-0.4143
1.4609	-0.3958
1.4648	-0.3834
1.4688	-0.3649
1.4727	-0.3525
1.4766	-0.3339
1.4805	-0.3216
1.4844	-0.3092
1.4883	-0.2907
1.4922	-0.2783
1.4961	-0.2659
1.5000	-0.2536
1.5039	-0.2412
1.5078	-0.2226
1.5117	-0.2103
1.5156	-0.1979
1.5195	-0.1855
1.5234	-0.1732
1.5273	-0.1608
1.5312	-0.1484
1.5352	-0.1361
1.5391	-0.1237
1.5430	-0.1175
1.5469	-0.1051
1.5508	-0.0928
1.5547	-0.0804
1.5586	-0.0680
1.5625	-0.0618
1.5664	-0.0495
1.5703	-0.0433
1.5742	-0.0309
1.5781	-0.0186
1.5820	-0.0124
1.5859	0.0000
1.5898	0.0062
1.5938	0.0124
1.5977	0.0247
1.6016	0.0309
1.6055	0.0371
1.6094	0.0495
1.6133	0.0557
1.6172	0.0618
1.6211	0.0680
1.6250	0.0742
1.6289	0.0804
1.6328	0.0866
1.6367	0.0928
1.6406	0.0989
1.6445	0.1051
1.6484	0.1113
1.6523	0.1175
1.6562	0.1175
1.6602	0.1237
1.6641	0.1299
1.6680	0.1299
1.6719	0.1361
1.6758	0.1422
1.6797	0.1422
1.6836	0.1484
1.6875	0.1484
1.6914	0.1546
1.6953	0.1546
1.6992	0.1546
1.7031	0.1608
1.7070	0.1608
1.7109	0.1608
1.7148	0.1608
1.7188	0.1670
1.7227	0.1670
1.7266	0.1670
1.7305	0.1670
1.7344	0.1670
1.7383	0.1670
1.7422	0.1670
1.7461	0.1670
1.7500	0.1670
1.7539	0.1670
1.7578	0.1670
1.7617	0.1670
1.7656	0.1670
1.7695	0.1608
1.7734	0.1608
1.7773	0.1608
1.7812	0.1608
1.7852	0.1546
1.7891	0.1546
1.7930	0.1484
1.7969	0.1484
1.8008	0.1484
1.8047	0.1422
1.8086	0.1422
1.8125	0.1361
1.8164	0.1361
1.8203	0.1299
1.8242	0.1299
1.8281	0.1237
1.8320	0.1175
1.8359	0.1175
1.8398	0.1113
1.8438	0.1051
1.8477	0.1051
1.8516	0.0989
1.8555	0.0928
1.8594	0.0866
1.8633	0.0866
1.8672	0.0804
1.8711	0.0742
1.8750	0.0680
1.8789	0.0618
1.8828	0.0557
1.8867	0.0495
1.8906	0.0433
1.8945	0.0371
1.8984	0.0309
1.9023	0.0247
1.9062	0.0186
1.9102	0.0124
1.9141	0.0062
1.9180	0.0000
1.9219	-0.0062
1.9258	-0.0124
1.9297	-0.0186
1.9336	-0.0247
1.9375	-0.0371
1.9414	-0.0433
1.9453	-0.0495
1.9492	-0.0557
1.9531	-0.0680
1.9570	-0.0742
1.9609	-0.0804
1.9648	-0.0866
1.9688	-0.0989
1.9727	-0.1051
1.9766	-0.1175
1.9805	-0.1237
1.9844	-0.1299
1.9883	-0.1422
1.9922	-0.1484
1.9961	-0.1608
2.0000	-0.1670
2.0039	-0.1732
2.0078	-0.1855
2.0117	-0.1917
2.0156	-0.2041
2.0195	-0.2103
2.0234	-0.2226
2.0273	-0.2288
2.0312	-0.2412
2.0352	-0.2536
2.0391	-0.2597
2.0430	-0.2721
2.0469	-0.2783
2.0508	-0.2907
2.0547	-0.3030
2.0586	-0.3092
2.0625	-0.3216
2.0664	-0.3339
2.0703	-0.3401
2.0742	-0.3525
2.0781	-0.3649
2.0820	-0.3711
2.0859	-0.3834
2.0898	-0.3958
2.0938	-0.4020
2.0977	-0.4143
2.1016	-0.4267
2.1055	-0.4391
2.1094	-0.4453
2.1133	-0.4576
2.1172	-0.4700
2.1211	-0.4824
2.1250	-0.4886
2.1289	-0.5009
2.1328	-0.5133
2.1367	-0.5257
2.1406	-0.5318
2.1445	-0.5442
2.1484	-0.5566
2.1523	-0.5689
2.1562	-0.5813
2.1602	-0.5875
2.1641	-0.5999
2.1680	-0.6122
2.1719	-0.6246
2.1758	-0.6370
2.1797	-0.6432
2.1836	-0.6555
2.1875	-0.6679
2.1914	-0.6803
2.1953	-0.6926
2.1992	-0.6988
2.2031	-0.7112
2.2070	-0.7236
2.2109	-0.7359
2.2148	-0.7483
2.2188	-0.7607
2.2227	-0.7668
2.2266	-0.7792
2.2305	-0.7916
2.2344	-0.8040
2.2383	-0.8101
2.2422	-0.8225
2.2461	-0.8349
2.2500	-0.8472
2.2539	-0.8534
2.2578	-0.8658
2.2617	-0.8782
2.2656	-0.8905
2.2695	-0.8967
2.2734	-0.9091
2.2773	-0.9215
2.2812	-0.9276
2.2852	-0.9400
2.2891	-0.9524
2.2930	-0.9586
2.2969	-0.9709
2.3008	-0.9833
2.3047	-0.9895
2.3086	-1.0018
2.3125	-1.0080
2.3164	-1.0204
2.3203	-1.0266
2.3242	-1.0390
2.3281	-1.0451
2.3320	-1.0575
2.3359	-1.0637
2.3398	-1.0761
2.3438	-1.0822
2.3477	-1.0946
2.3516	-1.1008
2.3555	-1.1070
2.3594	-1.1193
2.3633	-1.1255
2.3672	-1.1317
2.3711	-1.1441
2.3750	-1.1503
2.3789	-1.1565
2.3828	-1.1626
2.3867	-1.1688
2.3906	-1.1812
2.3945	-1.1874
2.3984	-1.1936
2.4023	-1.1997
2.4062	-1.2059
2.4102	-1.2121
2.4141	-1.2183
2.4180	-1.2245
2.4219	-1.2307
2.4258	-1.2368
2.4297	-1.2430
2.4336	-1.2492
2.4375	-1.2554
2.4414	-1.2616
2.4453	-1.2616
2.4492	-1.2678
2.4531	-1.2740
2.4570	-1.2801
2.4609	-1.2801
2.4648	-1.2863
2.4688	-1.2925
2.4727	-1.2925
2.4766	-1.2987
2.4805	-1.3049
2.4844	-1.3049
2.4883	-1.3049
2.4922	-1.3111
2.4961	-1.3111
2.5000	-1.3172
2.5039	-1.3172
2.5078	-1.3172
2.5117	-1.3234
2.5156	-1.3234
2.5195	-1.3234
2.5234	-1.3234
2.5273	-1.3296
2.5312	-1.3296
2.5352	-1.3296
2.5391	-1.3296
2.5430	-1.3296
2.5469	-1.3296
2.5508	-1.3296
2.5547	-1.3296
2.5586	-1.3296
2.5625	-1.3296
2.5664	-1.3296
2.5703	-1.3296
2.5742	-1.3296
2.5781	-1.3296
2.5820	-1.3234
2.5859	-1.3234
2.5898	-1.3234
2.5938	-1.3234
2.5977	-1.3234
2.6016	-1.3172
2.6055	-1.3172
2.6094	-1.3172
2.6133	-1.3111
2.6172	-1.3111
2.6211	-1.3111
2.6250	-1.3049
2.6289	-1.3049
2.6328	-1.3049
2.6367	-1.2987
2.6406	-1.2987
2.6445	-1.2925
2.6484	-1.2925
2.6523	-1.2863
2.6562	-1.2863
2.6602	-1.2801
2.6641	-1.2801
2.6680	-1.2740
2.6719	-1.2740
2.6758	-1.2678
2.6797	-1.2616
2.6836	-1.2616
2.6875	-1.2554
2.6914	-1.2554
2.6953	-1.2492
2.6992	-1.2430
2.7031	-1.2368
2.7070	-1.2368
2.7109	-1.2307
2.7148	-1.2245
2.7188	-1.2183
2.7227	-1.2183
2.7266	-1.2121
2.7305	-1.2059
2.7344	-1.1997
2.7383	-1.1936
2.7422	-1.1936
2.7461	-1.1874
2.7500	-1.1812
2.7539	-1.1750
2.7578	-1.1688
2.7617	-1.1626
2.7656	-1.1565
2.7695	-1.1503
2.7734	-1.1441
2.7773	-1.1379
2.7812	-1.1317
2.7852	-1.1255
2.7891	-1.1193
2.7930	-1.1132
2.7969	-1.1070
2.8008	-1.1008
2.8047	-1.0946
2.8086	-1.0884
2.8125	-1.0822
2.8164	-1.0761
2.8203	-1.0637
2.8242	-1.0575
2.8281	-1.0513
2.8320	-1.0451
2.8359	-1.0390
2.8398	-1.0328
2.8438	-1.0266
2.8477	-1.0142
2.8516	-1.0080
2.8555	-1.0018
2.8594	-0.9957
2.8633	-0.9895
2.8672	-0.9771
2.8711	-0.9709
2.8750	-0.9647
2.8789	-0.9586
2.8828	-0.9462
2.8867	-0.9400
2.8906	-0.9338
2.8945	-0.9276
2.8984	-0.9153
2.9023	-0.9091
2.9062	-0.9029
2.9102	-0.8905
2.9141	-0.8843
2.9180	-0.8782
2.9219	-0.8720
2.9258	-0.8596
2.9297	-0.8534
2.9336	-0.8472
2.9375	-0.8349
2.9414	-0.8287
2.9453	-0.8225
2.9492	-0.8163
2.9531	-0.8040
2.9570	-0.7978
2.9609	-0.7916
2.9648	-0.7792
2.9688	-0.7730
2.9727	-0.7668
2.9766	-0.7607
2.9805	-0.7483
2.9844	-0.7421
2.9883	-0.7359
2.9922	-0.7236
2.9961	-0.7174
3.0000	-0.7112
3.0039	-0.7050
3.0078	-0.6926
3.0117	-0.6865
3.0156	-0.6803
3.0195	-0.6741
3.0234	-0.6679
3.0273	-0.6555
3.0312	-0.6493
3.0352	-0.6432
3.0391	-0.6370
3.0430	-0.6308
3.0469	-0.6246
3.0508	-0.6122
3.0547	-0.6061
3.0586	-0.5999
3.0625	-0.5937
3.0664	-0.5875
3.0703	-0.5813
3.0742	-0.5751
3.0781	-0.5689
3.0820	-0.5628
3.0859	-0.5566
3.0898	-0.5504
3.0938	-0.5442
3.0977	-0.5380
3.1016	-0.5318
3.1055	-0.5257
3.1094	-0.5257
3.1133	-0.5195
3.1172	-0.5133
3.1211	-0.5071
3.1250	-0.5009
3.1289	-0.4947
3.1328	-0.4947
3.1367	-0.4886
3.1406	-0.4824
3.1445	-0.4762
3.1484	-0.4762
3.1523	-0.4700
3.1562	-0.4638
3.1602	-0.4638
3.1641	-0.4576
3.1680	-0.4576
3.1719	-0.4514
3.1758	-0.4453
3.1797	-0.4453
3.1836	-0.4391
3.1875	-0.4391
3.1914	-0.4329
3.1953	-0.4329
3.1992	-0.4329
3.2031	-0.4267
3.2070	-0.4267
3.2109	-0.4205
3.2148	-0.4205
3.2188	-0.4205
3.2227	-0.4143
3.2266	-0.4143
3.2305	-0.4143
3.2344	-0.4143
3.2383	-0.4143
3.2422	-0.4082
3.2461	-0.4082
3.2500	-0.4082
3.2539	-0.4082
3.2578	-0.4082
3.2617	-0.4082
3.2656	-0.4082
3.2695	-0.4082
3.2734	-0.4082
3.2773	-0.4082
3.2812	-0.4082
3.2852	-0.4082
3.2891	-0.4082
3.2930	-0.4082
3.2969	-0.4082
3.3008	-0.4082
3.3047	-0.4143
3.3086	-0.4143
3.3125	-0.4143
3.3164	-0.4143
3.3203	-0.4143
3.3242	-0.4143
3.3281	-0.4143
3.3320	-0.4143
3.3359	-0.4205
3.3398	-0.4205
3.3438	-0.4205
3.3477	-0.4205
3.3516	-0.4205
3.3555	-0.4267
3.3594	-0.4267
3.3633	-0.4267
3.3672	-0.4267
3.3711	-0.4329
3.3750	-0.4329
3.3789	-0.4329
3.3828	-0.4329
3.3867	-0.4391
3.3906	-0.4391
3.3945	-0.4391
3.3984	-0.4453
3.4023	-0.4453
3.4062	-0.4453
3.4102	-0.4514
3.4141	-0.4514
3.4180	-0.4514
3.4219	-0.4576
3.4258	-0.4576
3.4297	-0.4576
3.4336	-0.4638
3.4375	-0.4638
3.4414	-0.4700
3.4453	-0.4700
3.4492	-0.4700
3.4531	-0.4762
3.4570	-0.4762
3.4609	-0.4824
3.4648	-0.4824
3.4688	-0.4886
3.4727	-0.4886
3.4766	-0.4947
3.4805	-0.4947
3.4844	-0.4947
3.4883	-0.5009
3.4922	-0.5009
3.4961	-0.5071
3.5000	-0.5071
3.5039	-0.5133
3.5078	-0.5133
3.5117	-0.5195
3.5156	-0.5257
3.5195	-0.5257
3.5234	-0.5318
3.5273	-0.5318
3.5312	-0.5380
3.5352	-0.5380
3.5391	-0.5442
3.5430	-0.5442
3.5469	-0.5504
3.5508	-0.5566
3.5547	-0.5566
3.5586	-0.5628
3.5625	-0.5628
3.5664	-0.5689
3.5703	-0.5751
3.5742	-0.5751
3.5781	-0.5813
3.5820	-0.5813
3.5859	-0.5875
3.5898	-0.5937
3.5938	-0.5937
3.5977	-0.5999
3.6016	-0.6061
3.6055	-0.6061
3.6094	-0.6122
3.6133	-0.6122
3.6172	-0.6184
3.6211	-0.6246
3.6250	-0.6246
3.6289	-0.6308
3.6328	-0.6370
3.6367	-0.6370
3.6406	-0.6432
3.6445	-0.6493
3.6484	-0.6493
3.6523	-0.6555
3.6562	-0.6617
3.6602	-0.6617
3.6641	-0.6679
3.6680	-0.6741
3.6719	-0.6803
3.6758	-0.6803
3.6797	-0.6865
3.6836	-0.6926
3.6875	-0.6926
3.6914	-0.6988
3.6953	-0.7050
3.6992	-0.7050
3.7031	-0.7112
3.7070	-0.7174
3.7109	-0.7174
3.7148	-0.7236
3.7188	-0.7297
3.7227	-0.7297
3.7266	-0.7359
3.7305	-0.7421
3.7344	-0.7483
3.7383	-0.7483
3.7422	-0.7545
3.7461	-0.7607
3.7500	-0.7607
3.7539	-0.7668
3.7578	-0.7730
3.7617	-0.7730
3.7656	-0.7792
3.7695	-0.7854
3.7734	-0.7854
3.7773	-0.7916
3.7812	-0.7978
3.7852	-0.7978
3.7891	-0.8040
3.7930	-0.8040
3.7969	-0.8101
3.8008	-0.8163
3.8047	-0.8163
3.8086	-0.8225
3.8125	-0.8287
3.8164	-0.8287
3.8203	-0.8349
3.8242	-0.8349
3.8281	-0.8411
3.8320	-0.8411
3.8359	-0.8472
3.8398	-0.8534
3.8438	-0.8534
3.8477	-0.8596
3.8516	-0.8596
3.8555	-0.8658
3.8594	-0.8658
3.8633	-0.8720
3.8672	-0.8720
3.8711	-0.8782
3.8750	-0.8782
3.8789	-0.8843
3.8828	-0.8843
3.8867	-0.8905
3.8906	-0.8905
3.8945	-0.8967
3.8984	-0.8967
3.9023	-0.9029
3.9062	-0.9029
3.9102	-0.9029
3.9141	-0.9091
3.9180	-0.9091
3.9219	-0.9091
3.9258	-0.9153
3.9297	-0.9153
3.9336	-0.9215
3.9375	-0.9215
3.9414	-0.9215
3.9453	-0.9215
3.9492	-0.9276
3.9531	-0.9276
3.9570	-0.9276
3.9609	-0.9338
3.9648	-0.9338
3.9688	-0.9338
3.9727	-0.9338
3.9766	-0.9400
3.9805	-0.9400
3.9844	-0.9400
3.9883	-0.9400
3.9922	-0.9400
3.9961	-0.9462
4.0000	-0.9462
4.0039	-0.9462
4.0078	-0.9462
4.0117	-0.9462
4.0156	-0.9462
4.0195	-0.9462
4.0234	-0.9524
4.0273	-0.9524
4.0312	-0.9524
4.0352	-0.9524
4.0391	-0.9524
4.0430	-0.9524
4.0469	-0.9524
4.0508	-0.9524
4.0547	-0.9524
4.0586	-0.9524
4.0625	-0.9524
4.0664	-0.9524
4.0703	-0.9524
4.0742	-0.9524
4.0781	-0.9462
4.0820	-0.9462
4.0859	-0.9462
4.0898	-0.9462
4.0938	-0.9462
4.0977	-0.9462
4.1016	-0.9462
4.1055	-0.9462
4.1094	-0.9462
4.1133	-0.9462
4.1172	-0.9462
4.1211	-0.9462
4.1250	-0.9462
4.1289	-0.9400
4.1328	-0.9400
4.1367	-0.9400
4.1406	-0.9400
4.1445	-0.9400
4.1484	-0.9400
4.1523	-0.9400
4.1562	-0.9400
4.1602	-0.9338
4.1641	-0.9338
4.1680	-0.9338
4.1719	-0.9338
4.1758	-0.9338
4.1797	-0.9338
4.1836	-0.9276
4.1875	-0.9276
4.1914	-0.9276
4.1953	-0.9276
4.1992	-0.9276
4.2031	-0.9215
4.2070	-0.9215
4.2109	-0.9215
4.2148	-0.9215
4.2188	-0.9153
4.2227	-0.9153
4.2266	-0.9153
4.2305	-0.9153
4.2344	-0.9153
4.2383	-0.9091
4.2422	-0.9091
4.2461	-0.9091
4.2500	-0.9091
4.2539	-0.9029
4.2578	-0.9029
4.2617	-0.9029
4.2656	-0.8967
4.2695	-0.8967
4.2734	-0.8967
4.2773	-0.8967
4.2812	-0.8905
4.2852	-0.8905
4.2891	-0.8905
4.2930	-0.8843
4.2969	-0.8843
4.3008	-0.8843
4.3047	-0.8782
4.3086	-0.8782
4.3125	-0.8782
4.3164	-0.8782
4.3203	-0.8720
4.3242	-0.8720
4.3281	-0.8720
4.3320	-0.8658
4.3359	-0.8658
4.3398	-0.8596
4.3438	-0.8596
4.3477	-0.8596
4.3516	-0.8534
4.3555	-0.8534
4.3594	-0.8534
4.3633	-0.8472
4.3672	-0.8472
4.3711	-0.8472
4.3750	-0.8411
4.3789	-0.8411
4.3828	-0.8411
4.3867	-0.8349
4.3906	-0.8349
4.3945	-0.8287
4.3984	-0.8287
4.4023	-0.8287
4.4062	-0.8225
4.4102	-0.8225
4.4141	-0.8225
4.4180	-0.8163
4.4219	-0.8163
4.4258	-0.8163
4.4297	-0.8101
4.4336	-0.8101
4.4375	-0.8040
4.4414	-0.8040
4.4453	-0.8040
4.4492	-0.7978
4.4531	-0.7978
4.4570	-0.7978
4.4609	-0.7916
4.4648	-0.7916
4.4688	-0.7916
4.4727	-0.7854
4.4766	-0.7854
4.4805	-0.7854
4.4844	-0.7792
4.4883	-0.7792
4.4922	-0.7792
4.4961	-0.7730
4.5000	-0.7730
4.5039	-0.7730
4.5078	-0.7668
4.5117	-0.7668
4.5156	-0.7668
4.5195	-0.7607
4.5234	-0.7607
4.5273	-0.7607
4.5312	-0.7545
4.5352	-0.7545
4.5391	-0.7545
4.5430	-0.7545
4.5469	-0.7483
4.5508	-0.7483
4.5547	-0.7483
4.5586	-0.7421
4.5625	-0.7421
4.5664	-0.7421
4.5703	-0.7421
4.5742	-0.7359
4.5781	-0.7359
4.5820	-0.7359
4.5859	-0.7359
4.5898	-0.7297
4.5938	-0.7297
4.5977	-0.7297
4.6016	-0.7297
4.6055	-0.7236
4.6094	-0.7236
4.6133	-0.7236
4.6172	-0.7236
4.6211	-0.7236
4.6250	-0.7174
4.6289	-0.7174
4.6328	-0.7174
4.6367	-0.7174
4.6406	-0.7174
4.6445	-0.7174
4.6484	-0.7112
4.6523	-0.7112
4.6562	-0.7112
4.6602	-0.7112
4.6641	-0.7112
4.6680	-0.7112
4.6719	-0.7112
4.6758	-0.7112
4.6797	-0.7050
4.6836	-0.7050
4.6875	-0.7050
4.6914	-0.7050
4.6953	-0.7050
4.6992	-0.7050
4.7031	-0.7050
4.7070	-0.7050
4.7109	-0.7050
4.7148	-0.7050
4.7188	-0.7050
4.7227	-0.7050
4.7266	-0.7050
4.7305	-0.7050
4.7344	-0.7050
4.7383	-0.7050
4.7422	-0.7050
4.7461	-0.7050
4.7500	-0.7050
4.7539	-0.7050
4.7578	-0.7050
4.7617	-0.7050
4.7656	-0.7050
4.7695	-0.7050
4.7734	-0.7050
4.7773	-0.7112
4.7812	-0.7112
4.7852	-0.7112
4.7891	-0.7112
4.7930	-0.7112
4.7969	-0.7112
4.8008	-0.7112
4.8047	-0.7112
4.8086	-0.7112
4.8125	-0.7112
4.8164	-0.7112
4.8203	-0.7112
4.8242	-0.7112
4.8281	-0.7112
4.8320	-0.7112
4.8359	-0.7112
4.8398	-0.7112
4.8438	-0.7112
4.8477	-0.7112
4.8516	-0.7112
4.8555	-0.7112
4.8594	-0.7112
4.8633	-0.7112
4.8672	-0.7112
4.8711	-0.7174
4.8750	-0.7174
4.8789	-0.7174
4.8828	-0.7174
4.8867	-0.7174
4.8906	-0.7174
4.8945	-0.7174
4.8984	-0.7174
4.9023	-0.7174
4.9062	-0.7174
4.9102	-0.7174
4.9141	-0.7174
4.9180	-0.7174
4.9219	-0.7174
4.9258	-0.7174
4.9297	-0.7174
4.9336	-0.7174
4.9375	-0.7174
4.9414	-0.7174
4.9453	-0.7174
4.9492	-0.7236
4.9531	-0.7236
4.9570	-0.7236
4.9609	-0.7236
4.9648	-0.7236
4.9688	-0.7236
4.9727	-0.7236
4.9766	-0.7236
4.9805	-0.7236
4.9844	-0.7236
4.9883	-0.7236
4.9922	-0.7236
4.9961	-0.7236
5.0000	-0.7236
5.0039	-0.7236
5.0078	-0.7236
5.0117	-0.7236
5.0156	-0.7236
5.0195	-0.7236
5.0234	-0.7297
5.0273	-0.7297
5.0312	-0.7297
5.0352	-0.7297
5.0391	-0.7297
5.0430	-0.7297
5.0469	-0.7297
5.0508	-0.7297
5.0547	-0.7297
5.0586	-0.7297
5.0625	-0.7297
5.0664	-0.7297
5.0703	-0.7297
5.0742	-0.7297
